Masih inget sama pergerakan penolakan OmnibusLaw beberapa waktu lalu? Inget gak kalau waktu itu salah satu garda terdepan dalam menyuarakan penolakan itu siapa? Iyap, benar sekali. Mereka ialah kalangan penggemar K-Pop di negeri ini. Banyak dari akun fandom K-Pop yang seketika ikut menyuarakan penolakan juga. Dan ternyata.. para follower dari akun-akun tersebut menjadi ikut menyuarakannya dan menjadi salah satu faktor naiknya topik bahasan ini di kancah perbincangan Twitter. Dari sini kita dapat melihat bagaimana kuatnya fandom K-Pop ini.

Selama kurang lebih setahun belakangan ini saya gemar mengamati trending topic di Twitter. Apa-apa saja yang kerap mask dalam jajaran trending topic di twitter. Dan ternyata salah satu hal yang menarik ialah, setiap hari selalu saja ada yang berhubungan dengan korea-koreaan, atau kalau mau lebih spesifik ialah K-POP. Dan yang lebih menarik lagi ialah biasanya tak cukup satu atau dua keyword saja yang masuk dalam jajaran trending topic di Indonesia.

Dulu sempat bertanya ke salah seorang kenalan yang juga suka korea-korea'an terkait hal ini. "kok di trending twitter tuh tiap hari mesti ada aja yang berbau ke-korea'an gituu?". Kemudian jawaban yang ia berikan ialah kurang lebih intinya ada empat faktor, yaitu:

1.  Karena yang digemari juga sebanyak itu.
2.  Tiap tahun pasti ada beberapa grup musik baru.
3.  Ada award gitu, jadi banyak-banyakan vote.
4.  Karena Artis mereka baru ngeluarin lagu, jadi banyak-banyakan viewer YouTube.

Sesuai dengan faktor ketiga yaitu adanya award. Pada akhir tahun seperti ini sudah hal yang jamak kalau banyak diselenggarakan award-award. Salah satunya ialah MAMA(MNET Asian Music Award).

Sebagai sebuah acara, MAMA ini sudah memiliki sejarah yang cukup panjang. Dimulai dari tahun 1999 dengan nama "Mnet Music Video Daesang". Berganti nama menjadi "Mnet KM Music Video Festival" pada tahun 2004, dan "Mnet KM Music Festival" pada tahun 2006. Dan akhirnya menjadi "Mnet ASIAN MUSIC AWARDS" pada tahun 2009. Untuk penyelenggaraannyapun sudah pernah lintas negara. Selain di Korea, pernah juga dilaksanakan di Vietnam, Japan, dan Hong Kong pada 2017 juga di Korea, Japan, dan Hong Kong di tahun 2018. Juga, karena acara ini berbasis vote, voternya-pun juga sudah dari berbagai penjuru dunia, termasuk Indonesia.

Pada tahun ini selain melalui web MAMA 2020, vote juga dilakukan melalui twitter. Vote dilakukan dengan menggunakan tagar #MAMAVOTE yang disertai grup yang ingin didukung. Vote ini juga dapat dilakukan oleh pengguna twitter dari seluruh penjuru dunia, termasuk Indonesia tentunya. Mengingat betapa bergengsinya acara ini. Maka vote melalui cara ini juga menjadi salah satu agenda besar bagi fandom-fandom KPOP di Indonesia. Dan dapat menjadi salah satu tolak ukur fanatisme dari fandom-fandom tersebut.

### Analisis

Sebelum saya mulai membahas hasil yang saya dapatkan, berikut adalah spesifikasi yang saya gunakan.

* Metode mining : Menggunakan [DIY Twitter Analytics ala Haizim](https://haizim.one/blog/diy-twitter-analytics) bagian Twitter Activity
* Keyword : #MAMAVOTE
* Filter : (tidak ada)
* Rentang pengambilan : 20:39 29-Oktober-2020 s/d 23:59 06-Desember-2020
* Total tweet : 436.731 tweet

Mari kita mulai dengan melihat tabel hasil mining :

| No. | Hashtag | Jml Disebut | Jml User | Rasio (1:n) | Jml Tweet | User Interaksi Terbanyak | Jml Interaksi |
| --- | --- | --- | --- | --- | --- | --- | --- |
| 1   | #bts | 78.717 | 34.298 | 2,295 | 77.731 | LenaGulo | 137 |
| 2   | #secretnumber | 72.205 | 3.363 | 21,470 | 71.796 | Ridwan56022030 | 720 |
| 3   | #txt | 38.320 | 8.985 | 4,265 | 37.970 | badaocea | 323 |
| 4   | #day6 | 35.264 | 9.280 | 3,800 | 34.904 | upaatj | 257 |
| 5   | #twice | 30.326 | 10.994 | 2,758 | 30.163 | twicetagrampics | 222 |
| 6   | #treasure | 28.288 | 9.502 | 2,977 | 27.896 | biniajun | 179 |
| 7   | #seventeen | 28.105 | 8.594 | 3,270 | 27.711 | vellyscheol | 194 |
| 8   | #exo | 21.132 | 8.635 | 2,447 | 20.983 | EireneSumenda | 170 |
| 9   | #nct | 19.977 | 12.383 | 1,613 | 19.631 | Uee407 | 159 |
| 10  | #cravity | 16.142 | 1.793 | 9,003 | 15.864 | kjungmoq | 280 |
| 11  | #redvelvet | 14.786 | 3.985 | 3,710 | 14.614 | deartaejoy | 451 |
| 12  | #monstax | 10.793 | 3.761 | 2,870 | 10.744 | BaeStar1Yooil | 213 |
| 13  | #got7 | 9.885 | 4.233 | 2,335 | 9.633 | Muryoung10 | 426 |
| 14  | #ateez | 9.266 | 3.952 | 2,345 | 9.206 | sity45044396 | 65  |
| 15  | #blackpink | 6.052 | 3.384 | 1,788 | 5.976 | AlerrandroLima0 | 41  |

  

Dari hasil ini dapat dilihat siapa dan berapa jumlah tweet mauapun disebut yang sudah diurutkan dari yang terbanyak. Mulai dari BTS yang berada di posisi teratas disusul oleh Secret Number di posisi ke-2 hingga di posisi 15 ada Blackpink berserta jumlah tweet maupun jumlah berapa kali hashtag mereka disebut. Namun, bagian menariknya bukan berada disitu. Coba perhatikan kolom jumlah user. Jika dilihat jumlah user-nya tidak selalau berbanding lurus dengan jumlah tweet ataupun jumlah disebutnya.

| No. | Hashtag | Jml Disebut | Jml User | Rasio (1:n) | Jml Tweet | User Interaksi Terbanyak | Jml Interaksi |
| --- | --- | --- | --- | --- | --- | --- | --- |
| 1   | #bts | 78.717 | 34.298 | 2,295 | 77.731 | LenaGulo | 137 |
| 2   | #nct | 19.977 | 12.383 | 1,613 | 19.631 | Uee407 | 159 |
| 3   | #twice | 30.326 | 10.994 | 2,758 | 30.163 | twicetagrampics | 222 |
| 4   | #treasure | 28.288 | 9.502 | 2,977 | 27.896 | biniajun | 179 |
| 5   | #day6 | 35.264 | 9.280 | 3,8 | 34.904 | upaatj | 257 |
| 6   | #txt | 38.320 | 8.985 | 4,265 | 37.970 | badaocea | 323 |
| 7   | #exo | 21.132 | 8.635 | 2,447 | 20.983 | EireneSumenda | 170 |
| 8   | #seventeen | 28.105 | 8.594 | 3,27 | 27.711 | vellyscheol | 194 |
| 9   | #got7 | 9.885 | 4.233 | 2,335 | 9.633 | Muryoung10 | 426 |
| 10  | #redvelvet | 14.786 | 3.985 | 3,71 | 14.614 | deartaejoy | 451 |
| 11  | #ateez | 9.266 | 3.952 | 2,345 | 9.206 | sity45044396 | 65  |
| 12  | #monstax | 10.793 | 3.761 | 2,87 | 10.744 | BaeStar1Yooil | 213 |
| 13  | #blackpink | 6.052 | 3.384 | 1,788 | 5.976 | AlerrandroLima0 | 41  |
| 14  | #secretnumber | 72.205 | 3.363 | 21,47 | 71.796 | Ridwan56022030 | 720 |
| 15  | #cravity | 16.142 | 1.793 | 9,003 | 15.864 | kjungmoq | 280 |

  

Dari tabel diatas dapat dilihat bahwa urutan jumlah user yang ikut berkontribusi tak sama urutannya dengan jumlah disebut dan di-tweet. Di posisi paling atas masih sama diisi oleh BTS yang menunjukkan bahwa di Indonesia ini BTS yang memiliki fandom dengan jumlah terbanyak. Disusul oleh NCT di posisi ke-2 hingga di posisi 15 ada Cravity.

Kemudian jika kita buat rasio antara jumlah disebut dengan jumlah usernya, maka akan didapatkan rasionya. Yang artinya tiap satu user rata-rata melakuakn tweet sebanyak n kali. Berikut untuk tabel yang sudah diurutkan menurut tingkat rasionya :

| No. | Hashtag | Jml Disebut | Jml User | Rasio (1:n) | Jml Tweet | User Interaksi Terbanyak | Jml Interaksi |
| --- | --- | --- | --- | --- | --- | --- | --- |
| 1   | #secretnumber | 72.205 | 3.363 | 21,47 | 71.796 | Ridwan56022030 | 720 |
| 2   | #cravity | 16.142 | 1.793 | 9,003 | 15.864 | kjungmoq | 280 |
| 3   | #txt | 38.320 | 8.985 | 4,265 | 37.970 | badaocea | 323 |
| 4   | #day6 | 35.264 | 9.280 | 3,8 | 34.904 | upaatj | 257 |
| 5   | #redvelvet | 14.786 | 3.985 | 3,71 | 14.614 | deartaejoy | 451 |
| 6   | #seventeen | 28.105 | 8.594 | 3,27 | 27.711 | vellyscheol | 194 |
| 7   | #treasure | 28.288 | 9.502 | 2,977 | 27.896 | biniajun | 179 |
| 8   | #monstax | 10.793 | 3.761 | 2,87 | 10.744 | BaeStar1Yooil | 213 |
| 9   | #twice | 30.326 | 10.994 | 2,758 | 30.163 | twicetagrampics | 222 |
| 10  | #exo | 21.132 | 8.635 | 2,447 | 20.983 | EireneSumenda | 170 |
| 11  | #ateez | 9.266 | 3.952 | 2,345 | 9.206 | sity45044396 | 65  |
| 12  | #got7 | 9.885 | 4.233 | 2,335 | 9.633 | Muryoung10 | 426 |
| 13  | #bts | 78.717 | 34.298 | 2,295 | 77.731 | LenaGulo | 137 |
| 14  | #blackpink | 6.052 | 3.384 | 1,788 | 5.976 | AlerrandroLima0 | 41  |
| 15  | #nct | 19.977 | 12.383 | 1,613 | 19.631 | Uee407 | 159 |

  

Disini berubah kembali urutannya. Rasio inilah yang saya maksud sebagai tingkat fanatisme fandom tersebut. Karena dapat kita asusmsikan bahwa semakin seorang fans menyukai sebuah grup, maka ia akan semakin serin/banyak memberikan dukungannya kepada grup tersebut. Dalam hal ini melakukan tweet. Maka jika semakin besar rata-rata jumlah tweet yang dilakukan oleh satu akun dalam suatu fandom, maka dapat diasumsikan semakin besar pula fanatisme fandom tersebut.

Yang lebih gila lagi jika melihat dua kolom paling kanan. Yaitu jumlah interaksi paling banya yang dilakukan oleh seorang user. Interaksi yang dimaksud disini ialah tweet maupun retweet yang dilakukan oleh user tersebut. Berikut untuk urutannya:

| No. | Hashtag | Jml Disebut | Jml User | Rasio (1:n) | Jml Tweet | User Interaksi Terbanyak | Jml Interaksi |
| --- | --- | --- | --- | --- | --- | --- | --- |
| 1   | #secretnumber | 72.205 | 3.363 | 21,47 | 71.796 | Ridwan56022030 | 720 |
| 2   | #redvelvet | 14.786 | 3.985 | 3,71 | 14.614 | deartaejoy | 451 |
| 3   | #got7 | 9.885 | 4.233 | 2,335 | 9.633 | Muryoung10 | 426 |
| 4   | #txt | 38.320 | 8.985 | 4,265 | 37.970 | badaocea | 323 |
| 5   | #cravity | 16.142 | 1.793 | 9,003 | 15.864 | kjungmoq | 280 |
| 6   | #day6 | 35.264 | 9.280 | 3,8 | 34.904 | upaatj | 257 |
| 7   | #twice | 30.326 | 10.994 | 2,758 | 30.163 | twicetagrampics | 222 |
| 8   | #monstax | 10.793 | 3.761 | 2,87 | 10.744 | BaeStar1Yooil | 213 |
| 9   | #seventeen | 28.105 | 8.594 | 3,27 | 27.711 | vellyscheol | 194 |
| 10  | #treasure | 28.288 | 9.502 | 2,977 | 27.896 | biniajun | 179 |
| 11  | #exo | 21.132 | 8.635 | 2,447 | 20.983 | EireneSumenda | 170 |
| 12  | #nct | 19.977 | 12.383 | 1,613 | 19.631 | Uee407 | 159 |
| 13  | #bts | 78.717 | 34.298 | 2,295 | 77.731 | LenaGulo | 137 |
| 14  | #ateez | 9.266 | 3.952 | 2,345 | 9.206 | sity45044396 | 65  |
| 15  | #blackpink | 6.052 | 3.384 | 1,788 | 5.976 | AlerrandroLima0 | 41  |

  

Lihat! Betapa gilanya jumlah interaksi yang dilakukan oleh seorang user. Sebagai contoh fans dari Secret Number yang menempati posisi pertama dengan jumlah interaksi sebanyak 720 interaksi. Jika dirata-rata, maka kurang lebih ia mambuat 18-19 interaksi per-hari-nya. Daebak. Saya aja belum tentu tiap pekan ada satu twit hehe.

### Lantas?

Apalah guna data yang ada itu jika hanya untuk sekedar tahu saja. Yup, selain untuk mengetahui "kelakuan" para fandom tersebut kita juga harus tahu bagaimana menggunakan hasil data yang didapatkan tentunya.

Disini saya memiliki dua pandangan mengenai sikap yang dapat kita ambil setelah mengetahui data tersebut. Pertama, saat target kita ialah untuk berjualan. Jika target yang ingin kita capai ialah menjual semakin banyak produk kita, maka saya sarankan untuk mengutamakan yang memiliki jumlah user yang lebih banyak. Kenapa? Sejauh pengetahuan saya, barang-barang fandom atau pernak-pernik KPOP jarang dibeli berulang oleh orang yang sama. Biasanya hanya satu orang satu jenis saja. Misalnya untuk album, untuk satu orang fans biasanya ia hanya akan membeli satu album saja sebagai koleksinya. Jadi bukanlah jenis pembalian yang berulang. Maka dari itu jumlah fans-lah yang lebih diutamakan, karena semakin banyak jumlah fans-nya maka semakin banyak pula item yang akan dibeli.

Kedua, saat target kita adalah untuk mendapatkan engagement. Jika kita menginginkan untuk dapat meningkatkan engagement dari suatu fandom KPOP, maka saya sarankan utamakan yang memiliki tingkat fanatisme yang lebih tinggi. Kenapa? Karena saat kita mengincar engagement di twitter, maka otomatis cara yang strategis ialah mengincar trending topic. Sedangkan kita ketahui bahwa trending topic dihitung dari percepatan interaksi pada rentang waktu tertentu, maka dengan tingkat fanatisme yang lebih tinggi akan membuat percepatannya semakin tinggi pula.

Begitulah kurang lebih pandangan yang dapat saya sampaikan mengenai fanatisme fandom KPOP di Indonesia dan bagaimana pemanfaatannya.

Oiya, ini saya juga sertakan daftar akun-akun yang banyak direpost oleh masing-masing fandom selama event #MAMAVOTE kemaren.

[Download Daftar Akun](https://haizim.one/media/rt-mamavote.xlsx)

Semoga bermanfaat.. ^_^